7.933012962341309 355.0 5919.549632706776
8.721407175064087 357.0 5771.037877912437
7.659806966781616 354.0 5943.275749502209
8.34667420387268 375.0 5965.796192853854
7.889931917190552 358.0 5866.137019683625
8.117295026779175 345.0 5933.965001313948
7.8089940547943115 338.0 5864.048853850769
7.509900093078613 324.0 5601.947436832336
8.18865704536438 360.0 5892.828361057849
7.315199851989746 342.0 5776.003923770682
7.11713981628418 345.0 5875.438465046192
7.507270097732544 340.0 5967.501582280047
8.623150110244751 377.0 5943.825940383639
7.695752382278442 351.0 5894.31306177099
8.256640911102295 381.0 5916.819691829097
8.029786825180054 380.0 5915.801270045877
8.039722919464111 362.0 5930.24254058956
7.744252920150757 366.0 5914.454134900456
7.968732833862305 371.0 5970.957433542531
7.009055137634277 321.0 5804.550550656046
7.860191106796265 368.0 5914.350607698634
6.912503004074097 313.0 5771.004120886158
7.617711067199707 332.0 5899.208776465073
7.955120801925659 355.0 5931.612249802754
7.852172136306763 342.0 5951.503035030768
8.419841051101685 375.0 5964.676001374586
7.840286016464233 361.0 5880.621735145045
8.08983302116394 378.0 5957.071473957264
7.630473852157593 358.0 5859.975859898173
7.963027000427246 361.0 5868.897123575909
7.879705905914307 338.0 5854.759978598573
7.441322088241577 346.0 5941.20654230482
8.172983646392822 349.0 5913.293782028495
8.059455871582031 365.0 5908.897676850314
8.705395936965942 366.0 5958.503045469434
8.041114807128906 377.0 5923.36517063414
7.7978198528289795 351.0 5888.975569530545
8.395626068115234 311.0 5889.595975589875
8.654086112976074 332.0 5954.860469765765
7.70552396774292 315.0 5888.5905703479
9.2866530418396 353.0 5840.645776038977
8.773463249206543 373.0 5900.294330196973
9.197005271911621 317.0 5905.927825959812
10.347117900848389 377.0 5888.428247546635
9.135086059570312 393.0 5949.078537448893
8.310831069946289 326.0 5860.221312222842
8.585638046264648 346.0 5909.867755269098
9.315035104751587 350.0 5940.145871231649
7.414151191711426 333.0 5945.577386968987
7.888286113739014 358.0 5878.842038654282
8.139111757278442 358.0 5874.472223780067
8.69232988357544 357.0 5936.210787946636
8.49388599395752 342.0 5912.3096297165785
8.436019897460938 371.0 5913.721903230775
8.338982820510864 359.0 5920.900940708087
7.42715311050415 335.0 5905.688121692626
7.7366180419921875 329.0 5769.066315821545
8.441134929656982 374.0 5951.37435557022
8.261061191558838 362.0 5884.043487815734
7.767793893814087 329.0 5861.94850469298
7.921202898025513 368.0 5897.034682433732
9.452052354812622 374.0 5984.238089761706
8.182049036026001 364.0 5881.146681399406
8.949552059173584 338.0 5817.067918306197
9.396968841552734 362.0 5892.012055107849
9.433722019195557 354.0 5829.026705874991
9.656288862228394 386.0 5887.785148928482
8.036835193634033 341.0 5916.641341733912
8.72596788406372 380.0 5901.312705307542
7.797139406204224 349.0 5863.857719994162
7.6725146770477295 329.0 5940.015557702986
8.147966861724854 344.0 5878.3804654392825
8.000115871429443 349.0 5765.80290221083
7.941138029098511 364.0 5936.9594539176915
8.89089298248291 365.0 5895.23877354961
8.546802043914795 382.0 5898.404048728695
7.448162078857422 329.0 5924.8032113707795
7.3356568813323975 328.0 5937.289609754704
7.56692910194397 328.0 5918.693716588625
8.2674081325531 361.0 5907.73836927803
7.904304027557373 363.0 5800.173022137164
8.258001804351807 347.0 5919.679811366479
8.39953088760376 375.0 5974.828349916388
7.7365851402282715 329.0 5788.650509317156
8.685850143432617 368.0 5909.980131541465
8.193347930908203 363.0 5847.715164193103
8.281515121459961 374.0 5942.484881979457
8.501309871673584 367.0 5914.413835478833
8.271526098251343 344.0 5787.069920472875
6.636260986328125 295.0 5874.485931756237
7.31904411315918 316.0 5853.295732264061
8.68650197982788 378.0 5940.831516592047
8.654032230377197 360.0 5925.525335616744
8.356470823287964 337.0 5847.010861011995
7.803301811218262 323.0 5916.607347933919
7.6900458335876465 356.0 5914.70995928844
8.258149147033691 370.0 5892.71311469924
8.296712875366211 334.0 5832.8749473186
8.347060918807983 321.0 5934.895291155588
8.119338035583496 332.0 5935.302808880729