68.85826301574707 491.0 10374.187216567007
63.05630707740784 491.0 10798.721969286265
64.48672485351562 491.0 10593.379598359645
64.07833290100098 491.0 10767.70792767813
62.72792291641235 491.0 10608.105332891371
63.29865908622742 491.0 10776.168232571994
63.779354095458984 491.0 10438.244198137912
62.07027196884155 491.0 10196.617851885261
62.92589497566223 491.0 11289.40805405402
62.36497783660889 491.0 10563.600068064814
59.76645612716675 491.0 9564.130602302812
63.052109718322754 491.0 10382.669920573202
64.38133764266968 491.0 10847.5823154619
61.734760761260986 491.0 10300.7228959208
59.6581871509552 491.0 9370.618970673811
64.04042792320251 491.0 11060.192918409015
62.413320779800415 491.0 11101.760989961733
60.3484160900116 491.0 10115.517773008225
66.01805806159973 491.0 10997.994046107986
61.947871923446655 491.0 9907.187728804463
61.559285163879395 491.0 10316.64451871434
62.95900011062622 491.0 10049.28428291174
60.48419713973999 491.0 10264.371921689144
64.23782992362976 491.0 9863.348550412695
62.0171639919281 491.0 10083.230820381257
61.67302918434143 491.0 9721.409963927199
62.53660798072815 491.0 9971.818153468832
63.14025807380676 491.0 10450.816830403988
64.83679699897766 491.0 11216.971234055482
62.39728808403015 491.0 10004.537772225263
61.208991050720215 491.0 10789.618542718435
60.02118396759033 491.0 9589.729346683984
62.08043169975281 491.0 10427.654318076171
63.11472797393799 491.0 10212.827405707072
62.62046003341675 491.0 8986.138824398302
63.15028095245361 491.0 10019.634671948364
61.847129821777344 491.0 10488.622403383102
61.96056795120239 491.0 10380.109788448846
62.26556396484375 491.0 10490.072414076862
62.73249697685242 491.0 10000.969545631537
61.932206869125366 491.0 10433.418053130408
62.169342041015625 491.0 9603.062386225818
60.41123390197754 491.0 9219.061086044434
62.01867699623108 491.0 10395.584948659187
62.536404848098755 491.0 10560.334610720027
61.97668504714966 491.0 9979.600678263083
64.00721096992493 491.0 8965.831175407448
64.02575397491455 491.0 9771.956337321995
62.87234616279602 491.0 10313.864286072396
63.807262897491455 491.0 10043.455951970742
61.49179196357727 491.0 9879.389994178306
63.430094718933105 491.0 10343.010091803557
65.05885124206543 491.0 9738.176751659728
64.04521584510803 491.0 10431.539929959185
62.42136907577515 491.0 9291.47639709515
63.634109020233154 491.0 10409.285603319564
62.121954917907715 491.0 10334.737993109688
67.14940810203552 491.0 11118.040744781902
60.42081117630005 491.0 9554.84877497447
68.31929898262024 491.0 11100.927247904314
60.5936279296875 491.0 9253.228879424709
61.27310109138489 491.0 10070.277428599558
58.2602481842041 491.0 9562.243339179084
62.45920419692993 491.0 9706.685760411956
61.206796169281006 491.0 10629.34300027405
62.42232131958008 491.0 10396.030214375478
63.71022319793701 491.0 10256.634826155327
63.4758620262146 491.0 10763.635998487238
63.92033290863037 491.0 10259.387819029913
60.613566875457764 491.0 9682.847946276395
65.4385027885437 491.0 10935.342171969574
63.40011692047119 491.0 9899.862468228126
65.15175604820251 491.0 10734.987545795075
60.523940086364746 491.0 9488.439091224322
63.3127658367157 491.0 10113.760966121597
61.03341507911682 491.0 9933.192495176285
64.18558621406555 491.0 9920.222169104805
63.27496290206909 491.0 10961.10825044776
59.75727200508118 491.0 9887.385553753113
62.08421301841736 491.0 10004.882804917397
58.397002935409546 491.0 9648.95564165027
57.92204427719116 491.0 9292.85065833995
65.70503687858582 491.0 11754.701954719412
62.49518799781799 491.0 9997.653119405411
64.58250498771667 491.0 11190.900141392329
64.6761531829834 491.0 11427.429218609259
62.64442586898804 491.0 10919.392730178408
62.14497995376587 491.0 10519.561252302345
63.778465032577515 491.0 10903.766414538835
63.2859001159668 491.0 10199.599375501512
61.488919734954834 491.0 9969.644553834674
62.43846297264099 491.0 11356.916774809342
62.464235067367554 491.0 10372.493486838799
60.8910551071167 491.0 9018.516458641727
60.67323613166809 491.0 9483.632025187875
59.02858328819275 491.0 10405.403441777871
61.67967915534973 491.0 10771.407087589689
60.39323687553406 491.0 10452.579733226221
62.07862901687622 491.0 11378.091373872048
61.215571880340576 491.0 10307.634520155187