64.49638414382935 491.0 8351.813420987959
64.6395308971405 491.0 8322.711988855659
62.634533166885376 491.0 8114.606445144439
63.60454511642456 491.0 8431.57414860982
65.49254989624023 491.0 8741.576602564559
65.21486186981201 491.0 8269.377147774436
64.13459372520447 491.0 8503.12726853423
62.60983395576477 491.0 8349.887744006122
62.32021117210388 491.0 8668.097097345239
63.794760942459106 491.0 8132.565575076191
62.84290313720703 491.0 8266.064515801625
64.46541595458984 491.0 8578.01393650476
62.344730854034424 491.0 8421.991273015914
63.324284076690674 491.0 8231.731599137489
64.03837418556213 491.0 8108.584439150864
63.63929200172424 491.0 8492.695527195012
63.8793740272522 491.0 8285.917259819575
64.74976015090942 491.0 8433.975150513425
66.03421592712402 491.0 8261.287804418982
64.61234307289124 491.0 8676.97203695906
65.11830282211304 491.0 8448.96932194835
62.48792386054993 491.0 8663.258354656558
64.78011894226074 491.0 8582.613369858012
63.37530064582825 491.0 8279.909091902104
62.539387702941895 491.0 8404.935390035122
63.86328983306885 491.0 8742.001197024774
63.21749687194824 491.0 8587.291255125363
63.6614511013031 491.0 8221.502684561425
64.14954805374146 491.0 8426.299001836174
65.1375207901001 491.0 8443.072278102061
64.26753902435303 491.0 8465.19890261482
63.08752512931824 491.0 8362.705153296909
63.86465406417847 491.0 8549.59837425228
65.03359794616699 491.0 8349.368763532257
67.77960515022278 491.0 8459.710425083174
68.06046271324158 491.0 8226.904408921257
63.64136791229248 491.0 8504.26171458296
67.60185527801514 491.0 8179.006881619522
66.20793867111206 491.0 8454.421313576546
67.35247707366943 491.0 8143.789984389083
64.55890488624573 491.0 8232.511844443674
64.96418476104736 491.0 8449.311227426624
64.16505074501038 491.0 8492.903861182705
64.8154890537262 491.0 8299.234362830233
64.3793957233429 491.0 8629.903770736764
65.02632808685303 491.0 8567.794752716367
65.33721590042114 491.0 8238.892219993853
65.37931108474731 491.0 8243.66606168887
64.87907195091248 491.0 8512.163575946486
64.2874870300293 491.0 8221.297510049208
64.02887487411499 491.0 8182.191441737893
69.36781167984009 491.0 8704.86231933449
63.774455070495605 491.0 8462.960236695533
65.35228204727173 491.0 8458.550629398553
62.576159954071045 491.0 8117.566278407462
64.22194981575012 491.0 8429.68201786932
63.54293894767761 491.0 8448.380560404972
62.53600001335144 491.0 8255.201588506388
63.09777808189392 491.0 8477.254856010919
64.28790092468262 491.0 8091.762664062834
65.27576398849487 491.0 8388.463010612393
64.73280715942383 491.0 8339.357859415853
62.79025626182556 491.0 8266.899296254238
61.84353995323181 491.0 8314.462662931273
64.33887720108032 491.0 8290.04110006646
63.41767907142639 491.0 8607.169099507999
65.7487120628357 491.0 8208.98515319446
63.95181179046631 491.0 8496.619835585418
69.88819813728333 491.0 8357.579392752417
63.81636619567871 491.0 8611.86900016992
63.335148096084595 491.0 8425.912653126215
60.96325612068176 491.0 8356.4599922231
67.57828879356384 491.0 8617.00734063152
65.4212076663971 491.0 8320.128416900061
58.39395523071289 491.0 8503.66974158978
57.596837282180786 491.0 8123.649644840434
58.2650032043457 491.0 8436.738432251881
57.42781901359558 491.0 8251.089487415771
58.97580909729004 491.0 8391.174923539367
57.849682092666626 491.0 8281.142079073583
56.85322117805481 491.0 8416.6779896812
57.178635120391846 491.0 8511.302335783208
57.038548946380615 491.0 8395.29834766504
56.40101599693298 491.0 8138.642057438969
60.94906282424927 491.0 8260.321495562492
56.686198711395264 491.0 8329.10195265885
57.91319417953491 491.0 8404.670641899324
57.37385606765747 491.0 8297.465030668549
56.943572998046875 491.0 8318.20844201838
58.18953013420105 491.0 8637.777249461307
57.593159914016724 491.0 8273.788811261951
56.25150012969971 491.0 8609.162883696265
57.91737222671509 491.0 8596.955184912033
56.258625984191895 491.0 8453.050984751291
55.610422134399414 491.0 8207.851269195084
56.759673833847046 491.0 8419.921391280397
58.832820892333984 491.0 8432.853507169593
57.244837284088135 491.0 8663.322401426267
57.25249481201172 491.0 8124.229293219738
56.809492111206055 491.0 8397.576639714083