33.41863298416138 491.0 10569.054180572639
30.770421981811523 491.0 10296.452888127693
30.712222814559937 491.0 10874.136679154753
30.897701263427734 491.0 11045.674820842083
33.92162585258484 491.0 9844.04983784026
28.827050924301147 491.0 9679.347009433657
31.79396414756775 491.0 10945.532775694564
32.94247388839722 491.0 10927.829832518319
33.27249789237976 491.0 11561.490254167045
31.50323510169983 491.0 10643.772677740017
31.766497135162354 491.0 10781.842583589189
29.461941719055176 491.0 10528.335338477265
31.651678800582886 491.0 9987.912206792418
34.455405950546265 491.0 11582.786679693656
34.24891495704651 491.0 10557.497571799167
31.070943117141724 491.0 9711.441158976395
34.50301384925842 491.0 10485.545505862841
29.0450177192688 491.0 10116.47835606733
32.725661754608154 491.0 9612.931882315677
31.97137212753296 491.0 10825.792909287524
29.6194748878479 491.0 10277.171010558739
31.71291494369507 491.0 11743.9102735188
33.99893569946289 491.0 11128.988791332957
33.142874002456665 491.0 10176.59897482351
34.89722919464111 491.0 11977.618769726489
30.854676008224487 491.0 10125.296153066876
30.040778875350952 491.0 10370.033184294298
30.58525514602661 491.0 10502.130477617677
31.678813934326172 491.0 11130.96591958256
30.53188920021057 491.0 10267.48430957479
32.29561924934387 491.0 10924.41846529273
31.72924017906189 491.0 11925.864424216605
31.68333911895752 491.0 11697.168451982574
30.2139630317688 491.0 10713.757143706294
32.24410963058472 491.0 10439.621516054889
32.24126577377319 491.0 10952.077099983453
32.084359884262085 491.0 10631.522002614316
31.810755014419556 491.0 10984.357001250126
33.63859581947327 491.0 11878.210901952833
33.79425525665283 491.0 10604.192118866931
33.26335000991821 491.0 10449.854159318662
32.595417976379395 491.0 10966.719890370689
33.251619815826416 491.0 11220.713196875631
32.32360601425171 491.0 11048.180375714359
33.57328414916992 491.0 11000.030162961408
31.131160259246826 491.0 10651.605527531872
33.313101053237915 491.0 9817.293870702235
29.46588969230652 491.0 9734.55324860669
30.97274112701416 491.0 9864.85367899637
32.79921889305115 491.0 11756.660593805074
29.41281008720398 491.0 9101.169170930347
29.95979404449463 491.0 10732.77823182268
31.716303825378418 491.0 11724.45192605042
31.032164096832275 491.0 10507.78838908649
34.338257789611816 491.0 10601.716223183215
29.902910947799683 491.0 10913.334641844296
31.10484504699707 491.0 11384.344605941462
29.88717794418335 491.0 10048.228009480614
31.13168215751648 491.0 10606.167987487503
32.37656784057617 491.0 10217.369107018507
29.412967205047607 491.0 9620.053835649953
31.277730226516724 491.0 11047.468631090363
32.35437512397766 491.0 9841.903951936689
32.893113136291504 491.0 12117.157866096157
28.650628089904785 491.0 9567.023572568374
31.622106075286865 491.0 10267.213301437092
30.641301155090332 491.0 10333.177136449072
34.67380619049072 491.0 11217.994553399232
32.30137777328491 491.0 10324.21121252493
34.182199001312256 491.0 11933.801541125544
30.442919969558716 491.0 10083.384947654533
32.47356104850769 491.0 10788.446877751057
32.08372926712036 491.0 11564.624134115586
32.01152420043945 491.0 10192.716033324443
33.484649896621704 491.0 11748.574157244353
30.53247880935669 491.0 9709.298445729144
32.14688801765442 491.0 11643.546935524268
31.234954833984375 491.0 10194.800790864918
32.2418110370636 491.0 11462.698102491266
32.85219192504883 491.0 11010.934773082576
33.89736986160278 491.0 10634.904173131405
32.77195191383362 491.0 11562.865047735615
31.52164101600647 491.0 10324.338472241852
30.768625020980835 491.0 10733.68486226923
29.780065774917603 491.0 10575.71117573506
33.90687298774719 491.0 11110.392696484207
32.293845653533936 491.0 10094.921384048059
32.27314114570618 491.0 10664.391137029912
31.240925788879395 491.0 10222.633549661314
32.48400807380676 491.0 10165.23960505164
32.51279592514038 491.0 10133.94170634187
31.385079860687256 491.0 10590.122661449379
30.243254899978638 491.0 9968.734007269557
30.160367250442505 491.0 9821.841306735287
32.813719034194946 491.0 10676.364330996628
32.69815111160278 491.0 11511.664926547182
30.527766704559326 491.0 10433.008690532808
33.35386085510254 491.0 11731.678798870835
31.06422209739685 491.0 10367.296848639062
29.6023108959198 491.0 10219.593251738099