41.31568098068237 375.0 5923.809537981999
42.961997747421265 391.0 5893.734149859381
42.566267251968384 372.0 5959.892018874129
38.35972619056702 356.0 5902.1174364625895
37.42745399475098 368.0 5796.270239047299
46.190370082855225 391.0 5952.436231510865
45.52878999710083 392.0 5921.663557382476
43.783544063568115 388.0 5972.373526373474
42.48727297782898 390.0 5910.113417963806
44.04150986671448 374.0 5945.911339541633
44.71201300621033 393.0 5897.011508316903
41.90180706977844 371.0 5913.276158167316
43.78172588348389 395.0 5884.104335021135
49.599037885665894 400.0 5958.383488430739
40.019062995910645 367.0 5877.431896682276
42.25571799278259 382.0 5942.294589742087
41.61722707748413 391.0 5837.830351097656
46.97630286216736 370.0 5913.538623241483
43.88228487968445 368.0 5891.187346530563
42.74714422225952 380.0 5871.227591481956
45.53171110153198 385.0 5935.259767807143
46.972148418426514 388.0 5941.489693139065
41.94563317298889 379.0 5882.543992506332
45.04835772514343 379.0 5943.786808504914
43.332478284835815 370.0 5951.208368606954
42.04023194313049 378.0 5943.8938541799125
37.16363215446472 375.0 5907.393563508693
40.5456268787384 372.0 5794.381187343014
44.96896815299988 389.0 5951.444988032027
45.903451919555664 376.0 5912.820272707309
42.868276834487915 380.0 5919.886222226541
41.95876502990723 387.0 5879.018029892953
43.865232944488525 370.0 5962.566590476302
43.64174485206604 376.0 5925.098519852339
42.30045175552368 369.0 5882.227775907384
44.44585704803467 390.0 5942.976023651818
43.30673408508301 384.0 5921.169607523743
48.68878221511841 392.0 5958.334507341933
46.43332099914551 375.0 5908.097272746685
45.5381760597229 381.0 5928.539920124053
47.430726051330566 377.0 5976.160314836192
47.24592614173889 383.0 5968.792834455653
43.2046537399292 387.0 5940.98142353531
44.903753995895386 383.0 5935.503696763999
39.60165190696716 362.0 5809.255678152491
48.57288384437561 391.0 5971.194452594159
46.42444109916687 385.0 5928.938574656131
50.7024199962616 406.0 5936.500446891041
44.28828501701355 372.0 5959.632696784606
45.85639977455139 392.0 5919.523316449129
43.96020197868347 384.0 5929.541173937843
45.57924461364746 375.0 5971.539689969117
50.5838418006897 376.0 5985.734600752129
46.15588307380676 388.0 5885.087339075596
40.47546029090881 356.0 5909.486774519717
46.66279888153076 399.0 5911.43486537848
38.9090621471405 340.0 5918.057948924268
45.9532527923584 396.0 5919.523726658552
44.916950941085815 393.0 5909.324040895405
58.04860806465149 370.0 5967.252797016555
45.71382927894592 367.0 5916.768903144538
46.01479697227478 386.0 5886.826981990411
46.03098273277283 378.0 5908.345496627287
41.57575988769531 401.0 5970.843660393028
42.64641976356506 360.0 5931.128214319068
42.88400387763977 394.0 5893.730881830087
41.76752591133118 373.0 5967.506478994044
43.952155351638794 403.0 5935.714773919892
46.23443031311035 393.0 5974.1260938718015
41.529199838638306 391.0 5904.3223353901185
40.45384883880615 382.0 5875.912704662798
42.74195694923401 399.0 5973.23639139211
40.60486602783203 365.0 5965.765625402944
39.10958480834961 362.0 5920.95630688215
41.160847902297974 379.0 5927.722662357626
41.91382312774658 387.0 5939.239487426639
43.61290502548218 387.0 5955.542656278739
41.519293785095215 383.0 5876.501992941917
40.89591908454895 390.0 5913.220506904079
42.8621356487274 385.0 5971.145662410255
41.481380224228 398.0 5931.0179526388065
41.2517778873444 380.0 5854.84835496802
45.3614730834961 372.0 5938.791515855817
49.82882285118103 383.0 5939.679272060675
43.1216151714325 360.0 5888.267413588046
42.0018002986908 380.0 5909.506627918609
40.386002779007 389.0 5869.527719318417
41.8904800415039 390.0 5940.105121068233
49.009896993637085 383.0 5948.499637302608
46.6303970813751 374.0 5892.209978041852
42.82435512542725 384.0 5906.3165309572705
46.9227738380432 368.0 5915.910278257552
42.57955193519592 346.0 5919.799550113764
44.26432299614 392.0 5908.527344627499
45.31919288635254 395.0 5918.278814992855
35.04417681694031 353.0 5913.391452330672
47.398228883743286 400.0 5970.098302376786
39.849989891052246 381.0 5869.172375544801
42.237175941467285 391.0 5943.324831497075
44.258729219436646 396.0 5971.144205928729