47.354593992233276 386.0 5966.122701783955
47.494112968444824 387.0 5756.623342931548
47.50734305381775 392.0 5911.089802303343
48.43018412590027 403.0 5907.252418186252
45.1197509765625 387.0 5863.63725977242
47.41369891166687 384.0 5937.278692561161
49.15483903884888 379.0 5937.019569322315
49.23699617385864 366.0 5885.867890846335
47.232442140579224 385.0 5700.048821201528
44.93309712409973 388.0 5812.621532204008
47.63202404975891 387.0 5985.428252918033
43.23213815689087 385.0 5918.23447878998
44.5273540019989 380.0 5814.101618376972
46.63417410850525 392.0 5927.419654911274
45.4422709941864 388.0 5932.185025304556
45.07544493675232 387.0 5906.576623969792
45.40383505821228 394.0 5774.576921622334
44.50620913505554 389.0 5930.630494439802
43.740774154663086 380.0 5868.446371517097
46.81610989570618 394.0 5942.270959610995
47.216825008392334 380.0 5950.004790191014
46.0815749168396 393.0 5900.039464565434
48.386372089385986 375.0 5981.596002382179
45.27198791503906 384.0 5917.317268814864
42.8359899520874 361.0 5909.987743995494
45.8778121471405 375.0 5966.400373612298
46.06403994560242 382.0 5946.513475858223
45.44243574142456 386.0 5933.651439305429
47.29050326347351 383.0 5884.708387436665
44.734240770339966 375.0 5959.910725282855
43.93723177909851 372.0 5954.46039302034
44.364250898361206 370.0 5915.850402617397
49.04121685028076 387.0 5823.862078317936
47.84173917770386 384.0 5955.824314847919
46.98654389381409 391.0 5836.637132014759
57.57860779762268 378.0 5839.668859766661
52.239678144454956 401.0 5863.460896261508
44.909735918045044 376.0 5947.145848878253
44.80323505401611 392.0 5786.375109124228
48.844664096832275 398.0 5807.646517364576
43.47225093841553 347.0 5925.818650285758
45.14327383041382 383.0 5911.5103279933455
43.7692551612854 371.0 5928.154141211562
47.813411235809326 376.0 5909.507218293767
43.72642183303833 351.0 5898.109468642481
47.67462182044983 383.0 5962.083676698641
45.6298131942749 368.0 5801.368817026692
46.31139922142029 360.0 5960.717743034933
44.58397912979126 393.0 5914.784036580513
46.23198103904724 387.0 5799.482654707761
44.487831115722656 384.0 5733.560639898195
46.73667502403259 400.0 5951.851500311417
42.531301975250244 377.0 5895.291696092168
45.549278020858765 388.0 5811.789314115115
44.31341481208801 388.0 5745.856549898636
43.96050477027893 382.0 5890.138215208368
46.58051800727844 390.0 5811.443971509111
45.619913816452026 395.0 5658.187886786918
45.63285303115845 386.0 5817.777971838299
45.54672193527222 408.0 5946.437084939379
43.99097990989685 374.0 5936.046791439068
43.74448299407959 365.0 5962.457678853836
44.505780935287476 384.0 5652.338832641325
48.12029814720154 392.0 5955.49449815119
44.25988292694092 392.0 5939.436420126551
44.78552603721619 387.0 5839.5098426149125
43.61981797218323 391.0 5910.464806488113
48.13010001182556 388.0 5964.985863696285
48.21558713912964 403.0 5809.916395457354
46.14448070526123 389.0 5935.137347964222
43.59066700935364 365.0 5835.333939732511
48.312448024749756 387.0 5951.108746214995
35.11024594306946 365.0 5861.86236417032
46.203327894210815 365.0 5828.393075442722
48.56466007232666 404.0 5835.018497219864
47.743958950042725 387.0 5784.960727633028
50.12998390197754 386.0 5950.0224228689685
45.09792399406433 393.0 5755.978060083469
47.81317496299744 399.0 5907.3532365506635
43.71572709083557 373.0 5952.762992331731
47.21344614028931 399.0 5943.98674283356
49.226154088974 396.0 5910.546397520369
46.80324697494507 390.0 5922.629654438004
47.987326860427856 383.0 5772.073870175597
45.893102169036865 377.0 5911.574115181267
47.11307907104492 398.0 5902.4214481429835
46.28174376487732 385.0 5820.062851546731
45.44743299484253 386.0 5947.838302138479
44.30005502700806 391.0 5927.407241192161
43.828192949295044 394.0 5759.516848455827
46.7698769569397 381.0 5927.01652412448
45.12515187263489 375.0 5944.292586444238
43.45353293418884 379.0 5802.461366697518
45.32979416847229 385.0 5877.66512528204
49.28938817977905 392.0 5945.602664633687
46.71895480155945 386.0 5867.397550875399
47.51244592666626 394.0 5851.260148985773
51.08813810348511 380.0 5916.976908005281
47.97887897491455 353.0 5935.723469493032
44.918718099594116 389.0 5883.5175536092265