19.004913330078125 358.0 5811.669692695184
21.549025774002075 372.0 5932.129806105234
19.80371379852295 383.0 5897.429733259411
20.396262884140015 383.0 5942.496207424954
19.037932634353638 355.0 5931.779169134816
18.530521154403687 372.0 5895.998818629196
17.798171997070312 342.0 5951.449021032673
18.75736379623413 367.0 5933.046148400196
20.97227907180786 392.0 5913.094833256179
21.60635805130005 369.0 5957.510203453696
19.162917852401733 380.0 5948.132315465861
19.500430822372437 385.0 5959.817330264466
21.92237901687622 341.0 5960.701855147381
19.256995916366577 353.0 5945.995397239906
17.660144090652466 338.0 5954.029313310799
17.910306930541992 380.0 5901.779730138218
19.65618586540222 361.0 5732.777631467448
17.00025701522827 347.0 5859.091294306088
17.29309320449829 327.0 5839.696511573686
23.206215858459473 358.0 5792.658595771169
18.3983952999115 351.0 5931.664612169582
19.181746244430542 384.0 5916.410611796922
19.412535190582275 381.0 5914.4579573869905
18.80985999107361 356.0 5879.697419685746
17.289340019226074 352.0 5904.572538817189
20.480488777160645 377.0 5913.891547916467
18.209203243255615 334.0 5910.480054222359
18.756807804107666 354.0 5873.012391718365
19.042521238327026 372.0 5895.717928793541
18.878950119018555 369.0 5949.495106579385
17.645612001419067 361.0 5907.537011586579
19.27080798149109 372.0 5951.741627785893
19.158560037612915 356.0 5936.690449348529
21.51639413833618 397.0 5929.66449046291
19.1305768489838 349.0 5969.660735840115
19.484222888946533 379.0 5908.135789234351
21.555847883224487 374.0 5891.670946336077
21.537511110305786 382.0 5918.632849897862
19.13514804840088 372.0 5958.393040087077
18.502542972564697 374.0 5889.71206058203
20.06709909439087 364.0 5945.727412226277
20.425472021102905 383.0 5927.463442122658
18.25896716117859 354.0 5950.807379998642
19.85050892829895 358.0 5938.485250818052
21.602186918258667 366.0 5951.22199945204
21.46813416481018 391.0 5941.41962717569
21.81801724433899 366.0 5930.906976742972
19.975850105285645 342.0 5805.141340037637
21.070847272872925 352.0 5974.701179243432
19.409900188446045 367.0 5906.453052363032
18.50357413291931 356.0 5859.117047876383
18.1872079372406 335.0 5898.291770738157
20.545751094818115 360.0 5971.234235375029
23.5640869140625 390.0 5951.777108160685
24.516517877578735 376.0 5923.271079494461
19.74571919441223 370.0 5888.615931203454
19.2746319770813 367.0 5809.91635259246
20.680328130722046 381.0 5938.0681020858765
18.593320846557617 335.0 5944.701517288207
26.147989988327026 359.0 5915.73572455456
22.546211004257202 352.0 5956.853434482762
20.418782949447632 384.0 5872.056985803515
20.440680980682373 365.0 5973.515717176026
17.833276987075806 321.0 5873.343127625632
19.841942071914673 366.0 5923.74203015474
20.041346073150635 369.0 5974.721471506702
21.256498098373413 368.0 5949.768955281202
20.159219980239868 381.0 5912.570584069049
19.4822940826416 359.0 5915.906183091968
19.62396812438965 341.0 5976.673848937431
24.911325931549072 383.0 5914.932706443635
22.249828815460205 378.0 5835.957658810856
19.322598934173584 382.0 5917.3252229705395
18.456049919128418 355.0 5939.197286725865
18.12803602218628 358.0 5877.645527407826
18.707916021347046 358.0 5906.8521104612655
19.254054069519043 373.0 5945.168387121057
19.16336727142334 378.0 5936.454545694255
20.987776041030884 394.0 5929.1226912792545
55.70469093322754 349.0 5891.937533960119
20.741402864456177 383.0 5940.981874914669
23.09233593940735 380.0 5879.206069816401
21.219854831695557 352.0 5940.073007558518
19.77573323249817 332.0 5972.85774806058
21.89889907836914 396.0 5933.481465716247
20.870589017868042 360.0 5959.67974149127
20.934421062469482 382.0 5933.545227013582
20.264849185943604 372.0 5900.6132422079645
21.938488721847534 377.0 5948.188095340832
19.4172580242157 352.0 5841.073820654734
20.916499853134155 377.0 5927.372143111246
19.89595079421997 368.0 5940.9318396407325
20.77240014076233 398.0 5886.121015178822
18.899582147598267 354.0 5906.0207945679085
18.703069925308228 360.0 5886.8234763990295
19.433364152908325 346.0 5773.88678786069
19.46604895591736 392.0 5878.761255195259
18.244202852249146 333.0 5889.914782649458
19.316324949264526 330.0 5912.9722656515405
20.238479137420654 354.0 5895.955859067579