1 887.8074 894.7336 29.5417 1
2 719.4848 469.4385 29.8622 2
3 960.812 43.0092 25.8291 4
4 975.3113 149.7838 28.846 2
5 802.902 595.5138 30.3851 1
6 451.5931 854.7622 21.7707 1
7 327.653 107.6587 24.807 1
8 469.0882 166.8958 23.4691 1
9 722.2269 587.7413 34.3764 3
10 827.0917 858.5928 31.8495 3
11 590.2034 690.04 25.85 4
12 199.8053 20.9877 22.3438 2
13 92.4673 56.0997 23.9348 2
14 663.6881 614.4376 21.4448 3
15 944.5512 86.4679 26.7346 1
16 140.3203 371.1648 20.7975 4
17 165.0525 50.3604 25.4284 2
18 415.1593 971.037 24.3852 2
19 525.5197 637.8645 25.0548 4
20 453.9785 23.013 26.2446 3
21 914.8363 232.145 24.0064 2
22 321.3356 429.6647 28.9789 2
23 564.1016 778.9793 30.3273 4
24 945.0691 120.2417 27.0095 4
25 315.2439 311.3394 28.2714 1
26 978.4595 588.5852 21.5025 1
27 900.5829 358.7784 34.5594 1
28 468.5019 876.7665 26.443 1
29 72.3103 453.6354 21.9823 1
30 558.4148 959.2976 32.6274 1
31 457.7385 505.6688 27.1803 1
32 416.0246 865.442 20.7731 4
33 614.2481 508.2216 20.5418 1
34 371.8637 507.745 34.3059 1
35 973.7786 279.2371 30.4289 2
36 64.7485 745.7662 31.0677 3
37 442.6117 290.3518 32.5724 3
38 621.781 123.2801 33.3675 4
39 447.0677 35.463 30.2802 2
40 191.6755 146.5377 33.3613 2
41 93.7 720.2964 24.3497 4
42 659.3149 819.6072 29.869 2
43 954.5741 870.5654 24.1145 3
44 797.5685 309.5254 31.4859 2
45 536.6279 269.8516 31.8456 1
46 58.5471 339.4856 27.705 1
47 305.6537 525.8226 23.6241 3
48 255.762 268.5455 34.5867 1
49 404.2768 730.3504 28.416 4
50 924.0926 130.3356 25.7407 4
